{
 "cells": [
  {
   "cell_type": "code",
   "execution_count": 21,
   "id": "2cf204de",
   "metadata": {},
   "outputs": [],
   "source": [
    "import queue"
   ]
  },
  {
   "cell_type": "code",
   "execution_count": 62,
   "id": "b961e10d",
   "metadata": {},
   "outputs": [
    {
     "name": "stdout",
     "output_type": "stream",
     "text": [
      "{0: [(45, 14)], 1: [(48, 10)], 2: [(47, 7)], 3: [(54, 6)], 4: [(32, 14)], 5: [(33, 9)], 6: [(40, 12)], 7: [(59, 5)], 8: [(35, 14)], 9: [(53, 11)], 10: [(36, 7)], 11: [(51, 11)], 12: [(50, 14)], 13: [(57, 12)], 14: [(46, 7)], 15: [(42, 6)], 16: [(58, 5)], 17: [(49, 10)], 18: [(39, 11)], 19: [(34, 5)], 20: [(43, 14)], 21: [(38, 15)], 22: [(32, 11)], 23: [(60, 7)], 24: [(41, 9)], 25: [(61, 8)], 26: [(44, 15)], 27: [(55, 15)], 28: [(56, 14)], 29: [(37, 11)], 30: [(48, 8)], 31: [(52, 8)], 32: [(33, 14), (4, 14), (22, 11)], 33: [(5, 9), (34, 9), (32, 14)], 34: [(19, 5), (33, 9), (35, 8)], 35: [(8, 14), (34, 8), (36, 7)], 36: [(37, 5), (10, 7), (35, 7)], 37: [(38, 15), (29, 11), (36, 5)], 38: [(39, 11), (21, 15), (37, 15)], 39: [(18, 11), (38, 11), (40, 13)], 40: [(41, 15), (6, 12), (39, 13)], 41: [(24, 9), (40, 15), (42, 8)], 42: [(15, 6), (41, 8), (43, 5)], 43: [(20, 14), (42, 5), (44, 11)], 44: [(45, 14), (26, 15), (43, 11)], 45: [(0, 14), (46, 11), (44, 14)], 46: [(45, 11), (47, 15), (14, 7)], 47: [(2, 7), (46, 15), (49, 11)], 48: [(51, 12), (1, 10), (30, 8)], 49: [(17, 10), (50, 9), (47, 11)], 50: [(59, 12), (12, 14), (49, 9)], 51: [(11, 11), (48, 12), (52, 6)], 52: [(51, 6), (53, 8), (31, 8)], 53: [(54, 10), (9, 11), (52, 8)], 54: [(55, 8), (53, 10), (3, 6)], 55: [(27, 15), (54, 8), (56, 9)], 56: [(55, 9), (28, 14), (57, 13)], 57: [(13, 12), (56, 13), (58, 8)], 58: [(57, 8), (61, 9), (16, 5)], 59: [(50, 12), (7, 5), (60, 8)], 60: [(59, 8), (23, 7), (61, 5)], 61: [(25, 8), (58, 9), (60, 5)]}\n"
     ]
    }
   ],
   "source": [
    "f = open('rosalind.txt','r')\n",
    "data = []\n",
    "\n",
    "for line in f:\n",
    "    data.append(line.strip())\n",
    "\n",
    "n = int(data[0])\n",
    "adjDict = dict()\n",
    "for d in data[1:]:\n",
    "    d = d.split('->')\n",
    "    d1 = d[1].split(':')\n",
    "    if not int(d[0]) in adjDict:\n",
    "        adjDict[int(d[0])] = []\n",
    "    adjDict[int(d[0])].append((int(d1[0]),int(d1[1])))\n",
    "print(adjDict)"
   ]
  },
  {
   "cell_type": "code",
   "execution_count": 63,
   "id": "4168eae6",
   "metadata": {},
   "outputs": [],
   "source": [
    "distMatrix = [[0]*n for _ in range(n)]\n",
    "\n",
    "for i in range(n):\n",
    "    dist = dict()\n",
    "    \n",
    "    dist[i] = 0\n",
    "    q = queue.Queue()\n",
    "    q.put(i)\n",
    "    while not q.empty():\n",
    "        currNode = q.get()\n",
    "        for node, weight in adjDict[currNode]:\n",
    "            if not node in dist:\n",
    "                dist[node] = dist[currNode] + weight\n",
    "                if node < n:\n",
    "                    distMatrix[i][node] = dist[node]\n",
    "                q.put(node)"
   ]
  },
  {
   "cell_type": "code",
   "execution_count": 64,
   "id": "123a69d8",
   "metadata": {},
   "outputs": [
    {
     "name": "stdout",
     "output_type": "stream",
     "text": [
      "0 178 47 138 163 144 79 77 132 153 118 167 74 114 32 50 99 61 91 131 53 106 160 87 61 93 43 139 129 117 176 158\n",
      "178 0 145 52 313 294 229 111 282 47 268 33 132 88 160 200 89 137 241 281 203 256 310 105 211 101 193 69 77 267 18 36\n",
      "47 145 0 105 182 163 98 44 151 120 137 134 41 81 29 69 66 28 110 150 72 125 179 54 80 60 62 106 96 136 143 125\n",
      "138 52 105 0 273 254 189 71 242 27 228 41 92 48 120 160 49 97 201 241 163 216 270 65 171 61 153 29 37 227 50 32\n",
      "163 313 182 273 0 37 108 212 59 288 59 302 209 249 167 125 234 196 94 42 138 87 25 222 120 228 150 274 264 68 311 293\n",
      "144 294 163 254 37 0 89 193 40 269 40 283 190 230 148 106 215 177 75 23 119 68 34 203 101 209 131 255 245 49 292 274\n",
      "79 229 98 189 108 89 0 128 77 204 63 218 125 165 83 41 150 112 36 76 54 51 105 138 36 144 66 190 180 62 227 209\n",
      "77 111 44 71 212 193 128 0 181 86 167 100 31 47 59 99 32 36 140 180 102 155 209 20 110 26 92 72 62 166 109 91\n",
      "132 282 151 242 59 40 77 181 0 257 28 271 178 218 136 94 203 165 63 27 107 56 56 191 89 197 119 243 233 37 280 262\n",
      "153 47 120 27 288 269 204 86 257 0 243 36 107 63 135 175 64 112 216 256 178 231 285 80 186 76 168 44 52 242 45 27\n",
      "118 268 137 228 59 40 63 167 28 243 0 257 164 204 122 80 189 151 49 27 93 42 56 177 75 183 105 229 219 23 266 248\n",
      "167 33 134 41 302 283 218 100 271 36 257 0 121 77 149 189 78 126 230 270 192 245 299 94 200 90 182 58 66 256 31 25\n",
      "74 132 41 92 209 190 125 31 178 107 164 121 0 68 56 96 53 33 137 177 99 152 206 41 107 47 89 93 83 163 130 112\n",
      "114 88 81 48 249 230 165 47 218 63 204 77 68 0 96 136 25 73 177 217 139 192 246 41 147 37 129 49 39 203 86 68\n",
      "32 160 29 120 167 148 83 59 136 135 122 149 56 96 0 54 81 43 95 135 57 110 164 69 65 75 47 121 111 121 158 140\n",
      "50 200 69 160 125 106 41 99 94 175 80 189 96 136 54 0 121 83 53 93 25 68 122 109 23 115 37 161 151 79 198 180\n",
      "99 89 66 49 234 215 150 32 203 64 189 78 53 25 81 121 0 58 162 202 124 177 231 26 132 22 114 50 40 188 87 69\n",
      "61 137 28 97 196 177 112 36 165 112 151 126 33 73 43 83 58 0 124 164 86 139 193 46 94 52 76 98 88 150 135 117\n",
      "91 241 110 201 94 75 36 140 63 216 49 230 137 177 95 53 162 124 0 62 66 37 91 150 48 156 78 202 192 48 239 221\n",
      "131 281 150 241 42 23 76 180 27 256 27 270 177 217 135 93 202 164 62 0 106 55 39 190 88 196 118 242 232 36 279 261\n",
      "53 203 72 163 138 119 54 102 107 178 93 192 99 139 57 25 124 86 66 106 0 81 135 112 36 118 40 164 154 92 201 183\n",
      "106 256 125 216 87 68 51 155 56 231 42 245 152 192 110 68 177 139 37 55 81 0 84 165 63 171 93 217 207 41 254 236\n",
      "160 310 179 270 25 34 105 209 56 285 56 299 206 246 164 122 231 193 91 39 135 84 0 219 117 225 147 271 261 65 308 290\n",
      "87 105 54 65 222 203 138 20 191 80 177 94 41 41 69 109 26 46 150 190 112 165 219 0 120 20 102 66 56 176 103 85\n",
      "61 211 80 171 120 101 36 110 89 186 75 200 107 147 65 23 132 94 48 88 36 63 117 120 0 126 48 172 162 74 209 191\n",
      "93 101 60 61 228 209 144 26 197 76 183 90 47 37 75 115 22 52 156 196 118 171 225 20 126 0 108 62 52 182 99 81\n",
      "43 193 62 153 150 131 66 92 119 168 105 182 89 129 47 37 114 76 78 118 40 93 147 102 48 108 0 154 144 104 191 173\n",
      "139 69 106 29 274 255 190 72 243 44 229 58 93 49 121 161 50 98 202 242 164 217 271 66 172 62 154 0 38 228 67 49\n",
      "129 77 96 37 264 245 180 62 233 52 219 66 83 39 111 151 40 88 192 232 154 207 261 56 162 52 144 38 0 218 75 57\n",
      "117 267 136 227 68 49 62 166 37 242 23 256 163 203 121 79 188 150 48 36 92 41 65 176 74 182 104 228 218 0 265 247\n",
      "176 18 143 50 311 292 227 109 280 45 266 31 130 86 158 198 87 135 239 279 201 254 308 103 209 99 191 67 75 265 0 34\n",
      "158 36 125 32 293 274 209 91 262 27 248 25 112 68 140 180 69 117 221 261 183 236 290 85 191 81 173 49 57 247 34 0\n"
     ]
    }
   ],
   "source": [
    "for d in distMatrix:\n",
    "    print(' '.join([str(i) for i in d]))"
   ]
  },
  {
   "cell_type": "code",
   "execution_count": null,
   "id": "c13d0f35",
   "metadata": {},
   "outputs": [],
   "source": []
  }
 ],
 "metadata": {
  "kernelspec": {
   "display_name": "Python 3 (ipykernel)",
   "language": "python",
   "name": "python3"
  },
  "language_info": {
   "codemirror_mode": {
    "name": "ipython",
    "version": 3
   },
   "file_extension": ".py",
   "mimetype": "text/x-python",
   "name": "python",
   "nbconvert_exporter": "python",
   "pygments_lexer": "ipython3",
   "version": "3.9.7"
  }
 },
 "nbformat": 4,
 "nbformat_minor": 5
}
